"(10, 27, 16)",10,0.013,"[-0.32594801 -0.20227882  0.46269706  0.00209891  0.00379936  0.01414561
  0.00325366]","[ -3.25535046e-01  -1.97841163e-01   4.68165574e-01   2.04208436e-04
   3.45112227e-03   1.30593913e-02   3.46312262e-03]","[[   0.0984802,  -0.0872319,   -0.991308;
     0.916275,     -0.3807,    0.124527;
    -0.388254,   -0.920575,    0.042437]
[  -0.0882135,   0.0301019,   0.0020266]]","[-1.58824962 -0.35000001  0.09999996  0.40721787  0.21629558  0.06237242
 -0.03903923]","[[   0.0984802,  -0.0872319,   -0.991308;
     0.916275,     -0.3807,    0.124527;
    -0.388254,   -0.920575,    0.042437]
[  -0.0882135,   0.0301019,   0.0020266]]","[[   0.0991609,  -0.0902191,   -0.990973;
     0.916048,   -0.380657,    0.126319;
    -0.388618,   -0.920305,   0.0448987]
[    -0.08822,    0.030304,  0.00231316]]"
"(10, 27, 16)",10,0.023,"[-0.35238111 -0.27969007  0.45988497  0.00184858  0.00302993  0.01061077
  0.00285197]","[-0.3513352  -0.27516629  0.45870541  0.00258652  0.00326289  0.01083998
  0.00343503]","[[   0.0981697,  -0.0860783,    -0.99144;
     0.916392,    -0.38066,    0.123788;
    -0.388057,     -0.9207,   0.0415123]
[  -0.0882385,   0.0300357,  0.00200176]]","[-1.58824962 -0.35000001  0.09999996  0.40721787  0.21629558  0.06237242
 -0.03903923]","[[   0.0981697,  -0.0860783,    -0.99144;
     0.916392,    -0.38066,    0.123788;
    -0.388057,     -0.9207,   0.0415123]
[  -0.0882385,   0.0300357,  0.00200176]]","[[   0.0991609,  -0.0902191,   -0.990973;
     0.916048,   -0.380657,    0.126319;
    -0.388618,   -0.920305,   0.0448987]
[    -0.08822,    0.030304,  0.00231316]]"
"(10, 27, 16)",10,0.002,"[ -3.62765549e-01  -2.16439418e-01   4.00831220e-01  -2.79183040e-04
   1.64208668e-03   1.17354928e-02   3.41433547e-03]","[-0.36333304 -0.21372748  0.41376279  0.0012013   0.00232496  0.01175253
  0.00343503]","[[   0.0984513,  -0.0865556,   -0.991371;
     0.916216,   -0.380934,    0.124247;
    -0.388401,   -0.920542,   0.0418001]
[  -0.0882276,   0.0300909,  0.00199309]]","[-1.58824962 -0.35000001  0.09999996  0.40721787  0.21629558  0.06237242
 -0.03903923]","[[   0.0984513,  -0.0865556,   -0.991371;
     0.916216,   -0.380934,    0.124247;
    -0.388401,   -0.920542,   0.0418001]
[  -0.0882276,   0.0300909,  0.00199309]]","[[   0.0991609,  -0.0902191,   -0.990973;
     0.916048,   -0.380657,    0.126319;
    -0.388618,   -0.920305,   0.0448987]
[    -0.08822,    0.030304,  0.00231316]]"
"(10, 27, 16)",10,0.004,"[-0.36040545 -0.21643942  0.36146205  0.00090986  0.00351845  0.00932537
  0.00317332]","[-0.36465585 -0.21597251  0.37434189  0.00238418  0.00455132  0.01086119
  0.00343503]","[[   0.0987636,   -0.086208,    -0.99137;
      0.91633,   -0.380615,    0.124386;
    -0.388054,   -0.920706,    0.041404]
[  -0.0882353,   0.0300941,  0.00199217]]","[-1.58824962 -0.35000001  0.09999996  0.40721787  0.21629558  0.06237242
 -0.03903923]","[[   0.0987636,   -0.086208,    -0.99137;
      0.91633,   -0.380615,    0.124386;
    -0.388054,   -0.920706,    0.041404]
[  -0.0882353,   0.0300941,  0.00199217]]","[[   0.0991609,  -0.0902191,   -0.990973;
     0.916048,   -0.380657,    0.126319;
    -0.388618,   -0.920305,   0.0448987]
[    -0.08822,    0.030304,  0.00231316]]"
"(10, 27, 16)",10,0.019,"[-0.35568525 -0.21738346  0.31646871  0.00191116  0.00173813  0.01173549
  0.00317332]","[-0.36285875 -0.21529724  0.35154087 -0.00068111  0.00228917  0.01175253
  0.00343503]","[[   0.0984644,   -0.086492,   -0.991375;
     0.916294,   -0.380754,    0.124226;
    -0.388214,   -0.920622,   0.0417614]
[  -0.0882379,   0.0300929,  0.00199354]]","[-1.58824962 -0.35000001  0.09999996  0.40721787  0.21629558  0.06237242
 -0.03903923]","[[   0.0984644,   -0.086492,   -0.991375;
     0.916294,   -0.380754,    0.124226;
    -0.388214,   -0.920622,   0.0417614]
[  -0.0882379,   0.0300929,  0.00199354]]","[[   0.0991609,  -0.0902191,   -0.990973;
     0.916048,   -0.380657,    0.126319;
    -0.388618,   -0.920305,   0.0448987]
[    -0.08822,    0.030304,  0.00231316]]"
"(10, 27, 16)",20,0.015,"[-0.36654171 -0.21927154  0.4036433   0.00203633  0.00392981  0.01253887
  0.00357501]","[-0.37259078 -0.21835682  0.39820731 -0.00082179  0.00321444  0.0108436
  0.00343503]","[[   0.0987108,  -0.0862405,   -0.991372;
      0.91618,   -0.380981,    0.124366;
    -0.388419,   -0.920552,   0.0414049]
[  -0.0882314,   0.0300899,  0.00198469]]","[-1.58824962 -0.35000001  0.09999996  0.40721787  0.21629558  0.06237242
 -0.03903923]","[[   0.0987108,  -0.0862405,   -0.991372;
      0.91618,   -0.380981,    0.124366;
    -0.388419,   -0.920552,   0.0414049]
[  -0.0882314,   0.0300899,  0.00198469]]","[[   0.0991609,  -0.0902191,   -0.990973;
     0.916048,   -0.380657,    0.126319;
    -0.388618,   -0.920305,   0.0448987]
[    -0.08822,    0.030304,  0.00231316]]"
"(10, 27, 16)",20,0.002,"[ -3.32556283e-01  -2.11719220e-01   3.83958719e-01  -9.14391010e-05
   1.63320380e-03   1.12534690e-02   3.41433547e-03]","[-0.33610307 -0.21488796  0.3897989   0.00107259  0.00256353  0.01175253
  0.00334323]","[[   0.0983595,  -0.0867409,   -0.991363;
     0.916294,   -0.380754,    0.124226;
    -0.388241,   -0.920599,   0.0420294]
[  -0.0882312,   0.0300907,  0.00201731]]","[-1.58824962 -0.35000001  0.09999996  0.40721787  0.21629558  0.06237242
 -0.03903923]","[[   0.0983595,  -0.0867409,   -0.991363;
     0.916294,   -0.380754,    0.124226;
    -0.388241,   -0.920599,   0.0420294]
[  -0.0882312,   0.0300907,  0.00201731]]","[[   0.0991609,  -0.0902191,   -0.990973;
     0.916048,   -0.380657,    0.126319;
    -0.388618,   -0.920305,   0.0448987]
[    -0.08822,    0.030304,  0.00231316]]"
"(10, 27, 16)",0.009,20,"[-0.33397234 -0.2206876   0.38395872  0.00222407  0.00396867  0.01117313
  0.00313315]","[-0.33633693 -0.21721681  0.37088768  0.00048276  0.00455788  0.01086119
  0.00334323]","[[   0.0986142,  -0.0865157,   -0.991358;
     0.916255,   -0.380798,    0.124376;
    -0.388268,   -0.920602,   0.0417184]
[  -0.0882315,   0.0300916,  0.00201635]]","[-1.58824962 -0.35000001  0.09999996  0.40721787  0.21629558  0.06237242
 -0.03903923]","[[   0.0986142,  -0.0865157,   -0.991358;
     0.916255,   -0.380798,    0.124376;
    -0.388268,   -0.920602,   0.0417184]
[  -0.0882315,   0.0300916,  0.00201635]]","[[   0.0991609,  -0.0902191,   -0.990973;
     0.916048,   -0.380657,    0.126319;
    -0.388618,   -0.920305,   0.0448987]
[    -0.08822,    0.030304,  0.00231316]]"
"(10, 27, 16)",20,0.009,"[-0.33397234 -0.22399173  0.3698983  -0.00052951  0.00344906  0.01077145
  0.00309299]","[-0.33478316 -0.21681227  0.39042957 -0.00081395  0.00442042  0.01086119
  0.00334323]","[[   0.0985809,  -0.0865876,   -0.991355;
     0.916179,    -0.38098,    0.124381;
    -0.388456,    -0.92052,   0.0417724]
[  -0.0882314,   0.0300917,   0.0020174]]","[-1.58824962 -0.35000001  0.09999996  0.40721787  0.21629558  0.06237242
 -0.03903923]","[[   0.0985809,  -0.0865876,   -0.991355;
     0.916179,    -0.38098,    0.124381;
    -0.388456,    -0.92052,   0.0417724]
[  -0.0882314,   0.0300917,   0.0020174]]","[[   0.0991609,  -0.0902191,   -0.990973;
     0.916048,   -0.380657,    0.126319;
    -0.388618,   -0.920305,   0.0448987]
[    -0.08822,    0.030304,  0.00231316]]"
"(10, 27, 16)",20,0.023,"[-0.33397234 -0.21455134  0.3698983   0.00203633  0.00490352  0.0132619
  0.00337417]","[-0.33467014 -0.21467073  0.39820731 -0.00076722  0.00342158  0.01181807
  0.00334323]","[[   0.0983262,  -0.0868127,    -0.99136;
     0.916218,   -0.380936,    0.124232;
    -0.388429,   -0.920517,   0.0420834]
[  -0.0882299,   0.0300904,  0.00201835]]","[-1.58824962 -0.35000001  0.09999996  0.40721787  0.21629558  0.06237242
 -0.03903923]","[[   0.0983262,  -0.0868127,    -0.99136;
     0.916218,   -0.380936,    0.124232;
    -0.388429,   -0.920517,   0.0420834]
[  -0.0882299,   0.0300904,  0.00201835]]","[[   0.0991609,  -0.0902191,   -0.990973;
     0.916048,   -0.380657,    0.126319;
    -0.388618,   -0.920305,   0.0448987]
[    -0.08822,    0.030304,  0.00231316]]"
"(10, 27, 16)",20,0.001,"[-0.33586042 -0.21738346  0.3867708   0.00128535  0.00300828  0.01117313
  0.0034545 ]","[-0.34122657 -0.21498298  0.39867446  0.00262916  0.00410944  0.01086119
  0.00334323]","[[   0.0986827,     -0.0864,   -0.991361;
      0.91633,   -0.380615,    0.124386;
    -0.388074,   -0.920688,   0.0416108]
[    -0.08823,   0.0300924,   0.0020105]]","[-1.58824962 -0.35000001  0.09999996  0.40721787  0.21629558  0.06237242
 -0.03903923]","[[   0.0986827,     -0.0864,   -0.991361;
      0.91633,   -0.380615,    0.124386;
    -0.388074,   -0.920688,   0.0416108]
[    -0.08823,   0.0300924,   0.0020105]]","[[   0.0991609,  -0.0902191,   -0.990973;
     0.916048,   -0.380657,    0.126319;
    -0.388618,   -0.920305,   0.0448987]
[    -0.08822,    0.030304,  0.00231316]]"
"(10, 27, 16)",50,0.173,"[-0.3401086  -0.21691144  0.35864997  0.00059696  0.00220999  0.01302089
  0.00357501]","[-0.34367153 -0.21516716  0.35154087 -0.00069205  0.00191041  0.01175253
  0.00334323]","[[   0.0983592,  -0.0867345,   -0.991364;
     0.916218,   -0.380936,    0.124232;
    -0.388421,   -0.920524,   0.0419992]
[  -0.0882374,    0.030093,  0.00201095]]","[-1.58824962 -0.35000001  0.09999996  0.40721787  0.21629558  0.06237242
 -0.03903923]","[[   0.0983592,  -0.0867345,   -0.991364;
     0.916218,   -0.380936,    0.124232;
    -0.388421,   -0.920524,   0.0419992]
[  -0.0882374,    0.030093,  0.00201095]]","[[   0.0991609,  -0.0902191,   -0.990973;
     0.916048,   -0.380657,    0.126319;
    -0.388618,   -0.920305,   0.0448987]
[    -0.08822,    0.030304,  0.00231316]]"
"(10, 27, 16)",50,0.153,"[-0.3401086  -0.21785548  0.33052913  0.00084728  0.00303826  0.00932537
  0.003334  ]","[-0.34570978 -0.21604     0.35154087 -0.00067779  0.00464806  0.01086119
  0.00334323]","[[     0.09863,   -0.086491,   -0.991358;
     0.916178,   -0.380979,    0.124389;
    -0.388446,   -0.920529,   0.0416652]
[  -0.0882375,   0.0300946,  0.00200795]]","[-1.58824962 -0.35000001  0.09999996  0.40721787  0.21629558  0.06237242
 -0.03903923]","[[     0.09863,   -0.086491,   -0.991358;
     0.916178,   -0.380979,    0.124389;
    -0.388446,   -0.920529,   0.0416652]
[  -0.0882375,   0.0300946,  0.00200795]]","[[   0.0991609,  -0.0902191,   -0.990973;
     0.916048,   -0.380657,    0.126319;
    -0.388618,   -0.920305,   0.0448987]
[    -0.08822,    0.030304,  0.00231316]]"
"(10, 27, 16)",50,0.211,"[-0.34199668 -0.21691144  0.35021372  0.0007847   0.00311764  0.01189617
  0.00341434]","[-0.34825598 -0.217908    0.35154087 -0.00064371  0.00377593  0.01187518
  0.00334323]","[[   0.0983529,  -0.0866902,   -0.991369;
      0.91622,   -0.380937,    0.124209;
    -0.388417,   -0.920528,    0.041961]
[  -0.0882382,    0.030091,  0.00200756]]","[-1.58824962 -0.35000001  0.09999996  0.40721787  0.21629558  0.06237242
 -0.03903923]","[[   0.0983529,  -0.0866902,   -0.991369;
      0.91622,   -0.380937,    0.124209;
    -0.388417,   -0.920528,    0.041961]
[  -0.0882382,    0.030091,  0.00200756]]","[[   0.0991609,  -0.0902191,   -0.990973;
     0.916048,   -0.380657,    0.126319;
    -0.388618,   -0.920305,   0.0448987]
[    -0.08822,    0.030304,  0.00231316]]"
"(10, 27, 16)",50,0.183,"[ -3.41996679e-01  -2.14079319e-01   3.27717049e-01   2.84048776e-04
   3.80268279e-03   1.08517825e-02   3.29382951e-03]","[-0.3444438  -0.21499115  0.33598539  0.00126259  0.00375418  0.01086119
  0.00334323]","[[   0.0986614,  -0.0864434,   -0.991359;
     0.916254,   -0.380797,    0.124391;
     -0.38826,   -0.920609,   0.0416341]
[  -0.0882397,    0.030096,  0.00200896]]","[-1.58824962 -0.35000001  0.09999996  0.40721787  0.21629558  0.06237242
 -0.03903923]","[[   0.0986614,  -0.0864434,   -0.991359;
     0.916254,   -0.380797,    0.124391;
     -0.38826,   -0.920609,   0.0416341]
[  -0.0882397,    0.030096,  0.00200896]]","[[   0.0991609,  -0.0902191,   -0.990973;
     0.916048,   -0.380657,    0.126319;
    -0.388618,   -0.920305,   0.0448987]
[    -0.08822,    0.030304,  0.00231316]]"
"(10, 27, 16)",50,0.19,"[-0.34199668 -0.21691144  0.3530258   0.00090986  0.00340132  0.01165516
  0.00321349]","[-0.34521607 -0.21519244  0.37487409 -0.00071559  0.00334708  0.01178077
  0.00334323]","[[   0.0983652,  -0.0867203,   -0.991365;
     0.916218,   -0.380936,    0.124232;
    -0.388419,   -0.920526,   0.0419839]
[  -0.0882338,   0.0300917,  0.00200954]]","[-1.58824962 -0.35000001  0.09999996  0.40721787  0.21629558  0.06237242
 -0.03903923]","[[   0.0983652,  -0.0867203,   -0.991365;
     0.916218,   -0.380936,    0.124232;
    -0.388419,   -0.920526,   0.0419839]
[  -0.0882338,   0.0300917,  0.00200954]]","[[   0.0991609,  -0.0902191,   -0.990973;
     0.916048,   -0.380657,    0.126319;
    -0.388618,   -0.920305,   0.0448987]
[    -0.08822,    0.030304,  0.00231316]]"
"(10, 27, 16)",100,0.5,"[-0.34671688 -0.2136073   0.3192808   0.00141051  0.00309988  0.01093212
  0.00293231]","[-0.34858547 -0.21230788  0.34366837 -0.00060251  0.00297049  0.01074549
  0.00334323]","[[   0.0986562,  -0.0864685,   -0.991358;
     0.916176,   -0.380978,    0.124404;
    -0.388443,   -0.920532,   0.0416345]
[  -0.0882383,   0.0300964,  0.00200523]]","[-1.58824962 -0.35000001  0.09999996  0.40721787  0.21629558  0.06237242
 -0.03903923]","[[   0.0986562,  -0.0864685,   -0.991358;
     0.916176,   -0.380978,    0.124404;
    -0.388443,   -0.920532,   0.0416345]
[  -0.0882383,   0.0300964,  0.00200523]]","[[   0.0991609,  -0.0902191,   -0.990973;
     0.916048,   -0.380657,    0.126319;
    -0.388618,   -0.920305,   0.0448987]
[    -0.08822,    0.030304,  0.00231316]]"
"(10, 27, 16)",100,0.331,"[ -3.73622004e-01  -2.21159616e-01   2.65851212e-01   3.46630089e-04
   3.13929348e-03   1.13338063e-02   3.69551604e-03]","[-0.37866464 -0.22063881  0.25082592  0.00043158  0.00367541  0.01076854
  0.00334323]","[[   0.0987528,  -0.0860887,   -0.991381;
     0.916259,   -0.380801,    0.124337;
    -0.388223,   -0.920641,   0.0412744]
[  -0.0882555,   0.0300961,  0.00197714]]","[-1.58824962 -0.35000001  0.09999996  0.40721787  0.21629558  0.06237242
 -0.03903923]","[[   0.0987528,  -0.0860887,   -0.991381;
     0.916259,   -0.380801,    0.124337;
    -0.388223,   -0.920641,   0.0412744]
[  -0.0882555,   0.0300961,  0.00197714]]","[[   0.0991609,  -0.0902191,   -0.990973;
     0.916048,   -0.380657,    0.126319;
    -0.388618,   -0.920305,   0.0448987]
[    -0.08822,    0.030304,  0.00231316]]"
"(10, 27, 16)",100,0.264,"[-0.35710131 -0.22115962  0.33052913  0.00053437  0.00254974  0.01061077
  0.00373568]","[-0.36128258 -0.22189409  0.35956797  0.00043158  0.00325357  0.01083933
  0.00334323]","[[   0.0986857,  -0.0862279,   -0.991376;
      0.91626,   -0.380802,     0.12433;
    -0.388238,   -0.920627,   0.0414275]
[  -0.0882383,   0.0300893,  0.00199054]]","[-1.58824962 -0.35000001  0.09999996  0.40721787  0.21629558  0.06237242
 -0.03903923]","[[   0.0986857,  -0.0862279,   -0.991376;
      0.91626,   -0.380802,     0.12433;
    -0.388238,   -0.920627,   0.0414275]
[  -0.0882383,   0.0300893,  0.00199054]]","[[   0.0991609,  -0.0902191,   -0.990973;
     0.916048,   -0.380657,    0.126319;
    -0.388618,   -0.920305,   0.0448987]
[    -0.08822,    0.030304,  0.00231316]]"
"(10, 27, 16)",100,0.28,"[-0.37173392 -0.21643942  0.27991163  0.00109761  0.00200459  0.01229785
  0.00289214]","[-0.376107   -0.21758454  0.28931895  0.00043158  0.00205962  0.01175253
  0.00334323]","[[   0.0984941,  -0.0863623,   -0.991383;
     0.916296,   -0.380756,    0.124203;
    -0.388201,   -0.920634,   0.0416313]
[  -0.0882486,   0.0300944,   0.0019821]]","[-1.58824962 -0.35000001  0.09999996  0.40721787  0.21629558  0.06237242
 -0.03903923]","[[   0.0984941,  -0.0863623,   -0.991383;
     0.916296,   -0.380756,    0.124203;
    -0.388201,   -0.920634,   0.0416313]
[  -0.0882486,   0.0300944,   0.0019821]]","[[   0.0991609,  -0.0902191,   -0.990973;
     0.916048,   -0.380657,    0.126319;
    -0.388618,   -0.920305,   0.0448987]
[    -0.08822,    0.030304,  0.00231316]]"
"(10, 27, 16)",100,0.31,"[-0.36040545 -0.22493577  0.24054246  0.00053437  0.00293001  0.01213718
  0.00297248]","[-0.37048235 -0.22257585  0.27261261  0.00043158  0.00200387  0.01175253
  0.00334323]","[[    0.098456,  -0.0864133,   -0.991382;
     0.916298,   -0.380757,    0.124188;
    -0.388207,   -0.920629,   0.0416926]
[  -0.0882514,   0.0300939,  0.00198759]]","[-1.58824962 -0.35000001  0.09999996  0.40721787  0.21629558  0.06237242
 -0.03903923]","[[    0.098456,  -0.0864133,   -0.991382;
     0.916298,   -0.380757,    0.124188;
    -0.388207,   -0.920629,   0.0416926]
[  -0.0882514,   0.0300939,  0.00198759]]","[[   0.0991609,  -0.0902191,   -0.990973;
     0.916048,   -0.380657,    0.126319;
    -0.388618,   -0.920305,   0.0448987]
[    -0.08822,    0.030304,  0.00231316]]"
"(10, 27, 16)",200,0.78,"[-0.45858556 -0.20369488  0.07744162  0.00097244  0.00611706  0.01310123
  0.00329383]","[-0.46251115 -0.20512727  0.09487545  0.00072347  0.00564771  0.01476801
  0.00326221]","[[   0.0989169,  -0.0862834,   -0.991348;
     0.916285,   -0.380666,    0.124559;
     -0.38812,   -0.920678,   0.0414059]
[  -0.0882774,    0.030115,  0.00190885]]","[-1.58824962 -0.35000001  0.09999996  0.40721787  0.21629558  0.06237242
 -0.03903923]","[[   0.0989169,  -0.0862834,   -0.991348;
     0.916285,   -0.380666,    0.124559;
     -0.38812,   -0.920678,   0.0414059]
[  -0.0882774,    0.030115,  0.00190885]]","[[   0.0991609,  -0.0902191,   -0.990973;
     0.916048,   -0.380657,    0.126319;
    -0.388618,   -0.920305,   0.0448987]
[    -0.08822,    0.030304,  0.00231316]]"
"(10, 27, 16)",200,0.766,"[-0.41940792 -0.20699902  0.20398537  0.00109761  0.00523494  0.01213718
  0.00393653]","[-0.43168706 -0.20717273  0.22709703  0.00054062  0.00450755  0.01349351
  0.00389108]","[[    0.098784,  -0.0862552,   -0.991364;
     0.916286,   -0.380707,    0.124427;
    -0.388152,   -0.920664,   0.0414266]
[  -0.0882563,   0.0301068,  0.00193721]]","[-1.58824962 -0.35000001  0.09999996  0.40721787  0.21629558  0.06237242
 -0.03903923]","[[    0.098784,  -0.0862552,   -0.991364;
     0.916286,   -0.380707,    0.124427;
    -0.388152,   -0.920664,   0.0414266]
[  -0.0882563,   0.0301068,  0.00193721]]","[[   0.0991609,  -0.0902191,   -0.990973;
     0.916048,   -0.380657,    0.126319;
    -0.388618,   -0.920305,   0.0448987]
[    -0.08822,    0.030304,  0.00231316]]"
"(10, 27, 16)",200,0.765,"[-0.40571935 -0.19991873  0.16742829  0.00103502  0.00546199  0.01229785
  0.00385619]","[-0.41264324 -0.2024601   0.18820833  0.00054062  0.00660531  0.01175084
  0.00389108]","[[   0.0990343,  -0.0861786,   -0.991345;
     0.916241,   -0.380748,     0.12463;
    -0.388193,   -0.920654,   0.0412533]
[  -0.0882607,   0.0301147,  0.00194858]]","[-1.58824962 -0.35000001  0.09999996  0.40721787  0.21629558  0.06237242
 -0.03903923]","[[   0.0990343,  -0.0861786,   -0.991345;
     0.916241,   -0.380748,     0.12463;
    -0.388193,   -0.920654,   0.0412533]
[  -0.0882607,   0.0301147,  0.00194858]]","[[   0.0991609,  -0.0902191,   -0.990973;
     0.916048,   -0.380657,    0.126319;
    -0.388618,   -0.920305,   0.0448987]
[    -0.08822,    0.030304,  0.00231316]]"
"(10, 27, 16)",200,0.707,"[-0.40383127 -0.20133479  0.17867662  0.00097244  0.00448828  0.01157482
  0.00389636]","[-0.40699794 -0.202645    0.20365922  0.00054062  0.00448215  0.01350242
  0.00389108]","[[     0.09889,   -0.086351,   -0.991345;
      0.91626,   -0.380725,    0.124563;
    -0.388186,   -0.920648,   0.0414701]
[  -0.0882578,    0.030114,  0.00195447]]","[-1.58824962 -0.35000001  0.09999996  0.40721787  0.21629558  0.06237242
 -0.03903923]","[[     0.09889,   -0.086351,   -0.991345;
      0.91626,   -0.380725,    0.124563;
    -0.388186,   -0.920648,   0.0414701]
[  -0.0882578,    0.030114,  0.00195447]]","[[   0.0991609,  -0.0902191,   -0.990973;
     0.916048,   -0.380657,    0.126319;
    -0.388618,   -0.920305,   0.0448987]
[    -0.08822,    0.030304,  0.00231316]]"
"(10, 27, 16)",200,0.679,"[-0.39675097 -0.19803065  0.26585121  0.00059696  0.0046415   0.01294055
  0.00321349]","[-0.40226622 -0.20223018  0.27376347  0.00054062  0.0066012   0.01178071
  0.00389108]","[[    0.098872,  -0.0863937,   -0.991343;
      0.91626,   -0.380725,    0.124563;
    -0.388191,   -0.920644,    0.041516]
[  -0.0882468,     0.03011,  0.00195842]]","[-1.58824962 -0.35000001  0.09999996  0.40721787  0.21629558  0.06237242
 -0.03903923]","[[    0.098872,  -0.0863937,   -0.991343;
      0.91626,   -0.380725,    0.124563;
    -0.388191,   -0.920644,    0.041516]
[  -0.0882468,     0.03011,  0.00195842]]","[[   0.0991609,  -0.0902191,   -0.990973;
     0.916048,   -0.380657,    0.126319;
    -0.388618,   -0.920305,   0.0448987]
[    -0.08822,    0.030304,  0.00231316]]"
"(10, 27, 16)",300,1.18,"[-0.46519384 -0.2088871  -0.08847131  0.0007847   0.0030699   0.01277988
  0.00305282]","[-0.46647767 -0.20649513 -0.11777246  0.00054062  0.00569582  0.012482
  0.00312173]","[[   0.0990038,   -0.085805,   -0.991381;
     0.916271,   -0.380733,    0.124456;
     -0.38813,   -0.920695,   0.0409267]
[  -0.0883097,   0.0301217,  0.00190673]]","[-1.58824962 -0.35000001  0.09999996  0.40721787  0.21629558  0.06237242
 -0.03903923]","[[   0.0990038,   -0.085805,   -0.991381;
     0.916271,   -0.380733,    0.124456;
     -0.38813,   -0.920695,   0.0409267]
[  -0.0883097,   0.0301217,  0.00190673]]","[[   0.0991609,  -0.0902191,   -0.990973;
     0.916048,   -0.380657,    0.126319;
    -0.388618,   -0.920305,   0.0448987]
[    -0.08822,    0.030304,  0.00231316]]"
"(10, 2716)",300,1.135,"[-0.47982645 -0.21927154 -0.00129672  0.00097244  0.00503898  0.01366359
  0.003334  ]","[-0.486909   -0.21778623  0.03265353  0.00215658  0.00747015  0.01307603
  0.00380549]","[[   0.0992177,  -0.0856992,   -0.991368;
     0.916333,   -0.380536,    0.124604;
     -0.38793,   -0.920787,   0.0407731]
[   -0.088291,   0.0301104,  0.00188313]]","[-1.58824962 -0.35000001  0.09999996  0.40721787  0.21629558  0.06237242
 -0.03903923]","[[   0.0992177,  -0.0856992,   -0.991368;
     0.916333,   -0.380536,    0.124604;
     -0.38793,   -0.920787,   0.0407731]
[   -0.088291,   0.0301104,  0.00188313]]","[[   0.0991609,  -0.0902191,   -0.990973;
     0.916048,   -0.380657,    0.126319;
    -0.388618,   -0.920305,   0.0448987]
[    -0.08822,    0.030304,  0.00231316]]"
"(10, 27, 16)",300,1.097,"[-0.46283374 -0.22115962  0.05775703  0.00216149  0.00517388  0.01229785
  0.00361518]","[ -4.62052687e-01  -2.18846029e-01   7.25228203e-02   4.03237324e-04
   7.45317205e-03   1.30684826e-02   3.80549178e-03]","[[   0.0990618,  -0.0860627,   -0.991353;
     0.916257,   -0.380718,    0.124609;
     -0.38815,   -0.920677,    0.041141]
[   -0.088283,   0.0301079,  0.00191205]]","[-1.58824962 -0.35000001  0.09999996  0.40721787  0.21629558  0.06237242
 -0.03903923]","[[   0.0990618,  -0.0860627,   -0.991353;
     0.916257,   -0.380718,    0.124609;
     -0.38815,   -0.920677,    0.041141]
[   -0.088283,   0.0301079,  0.00191205]]","[[   0.0991609,  -0.0902191,   -0.990973;
     0.916048,   -0.380657,    0.126319;
    -0.388618,   -0.920305,   0.0448987]
[    -0.08822,    0.030304,  0.00231316]]"
"(10, 27, 16)",300,1.451,"[ -5.51573460e-01  -2.02278825e-01   1.13998703e-01   1.58886150e-04
   3.79491515e-03   1.39046001e-02   1.76742071e-03]","[-0.55630182 -0.19827771  0.14931963  0.0022765   0.00572967  0.01401336
  0.00214029]","[[   0.0993993,   -0.085281,   -0.991386;
     0.916352,   -0.380488,    0.124607;
    -0.387838,   -0.920845,   0.0403272]
[  -0.0882682,   0.0301192,  0.00182312]]","[-1.58824962 -0.35000001  0.09999996  0.40721787  0.21629558  0.06237242
 -0.03903923]","[[   0.0993993,   -0.085281,   -0.991386;
     0.916352,   -0.380488,    0.124607;
    -0.387838,   -0.920845,   0.0403272]
[  -0.0882682,   0.0301192,  0.00182312]]","[[   0.0991609,  -0.0902191,   -0.990973;
     0.916048,   -0.380657,    0.126319;
    -0.388618,   -0.920305,   0.0448987]
[    -0.08822,    0.030304,  0.00231316]]"
"(10, 27, 16)",300,0.91,"[ -4.51033248e-01  -2.22575675e-01  -8.28471428e-02  -2.88577881e-05
   7.16460139e-03   1.26192032e-02   3.69551604e-03]","[-0.45476227 -0.22430202 -0.03734613  0.00085935  0.00867774  0.01326715
  0.00353369]","[[   0.0988636,  -0.0859839,   -0.991379;
     0.916284,   -0.380722,    0.124396;
    -0.388136,   -0.920683,   0.0411462]
[  -0.0883035,   0.0301072,  0.00191279]]","[-1.58824962 -0.35000001  0.09999996  0.40721787  0.21629558  0.06237242
 -0.03903923]","[[   0.0988636,  -0.0859839,   -0.991379;
     0.916284,   -0.380722,    0.124396;
    -0.388136,   -0.920683,   0.0411462]
[  -0.0883035,   0.0301072,  0.00191279]]","[[   0.0991609,  -0.0902191,   -0.990973;
     0.916048,   -0.380657,    0.126319;
    -0.388618,   -0.920305,   0.0448987]
[    -0.08822,    0.030304,  0.00231316]]"
"(10, 27, 16)",500,2.008,"[-0.5619579  -0.19661459  0.05494495  0.00116019  0.00737889  0.01382426
  0.00373568]","[-0.5653357  -0.20136681  0.05598675 -0.00108614  0.0074358   0.01405562
  0.0036036 ]","[[   0.0996161,  -0.0853375,    -0.99136;
     0.916163,   -0.380867,    0.124846;
     -0.38823,   -0.920683,   0.0402426]
[  -0.0882835,   0.0301244,  0.00181491]]","[-1.58824962 -0.35000001  0.09999996  0.40721787  0.21629558  0.06237242
 -0.03903923]","[[   0.0996161,  -0.0853375,    -0.99136;
     0.916163,   -0.380867,    0.124846;
     -0.38823,   -0.920683,   0.0402426]
[  -0.0882835,   0.0301244,  0.00181491]]","[[   0.0991609,  -0.0902191,   -0.990973;
     0.916048,   -0.380657,    0.126319;
    -0.388618,   -0.920305,   0.0448987]
[    -0.08822,    0.030304,  0.00231316]]"
"(10, 27, 16)",500,1.993,"[-0.55912578 -0.21879952 -0.01254506  0.0007847   0.00552417  0.01567202
  0.00361518]","[-0.56425769 -0.21559492  0.00932031 -0.00123851  0.00647298  0.01539308
  0.00402476]","[[   0.0992437,  -0.0855341,    -0.99138;
     0.916294,   -0.380642,    0.124568;
    -0.388016,   -0.920758,    0.040598]
[  -0.0882953,   0.0301123,    0.001817]]","[-1.58824962 -0.35000001  0.09999996  0.40721787  0.21629558  0.06237242
 -0.03903923]","[[   0.0992437,  -0.0855341,    -0.99138;
     0.916294,   -0.380642,    0.124568;
    -0.388016,   -0.920758,    0.040598]
[  -0.0882953,   0.0301123,    0.001817]]","[[   0.0991609,  -0.0902191,   -0.990973;
     0.916048,   -0.380657,    0.126319;
    -0.388618,   -0.920305,   0.0448987]
[    -0.08822,    0.030304,  0.00231316]]"
"(10, 27, 16)",500,1.998,"[-0.55204548 -0.20794306  0.09150203  0.00097244  0.00505619  0.01286022
  0.00381602]","[-0.55732254 -0.20540323  0.09181792  0.00221253  0.0070187   0.01395965
  0.00440562]","[[   0.0993345,  -0.0852374,   -0.991397;
      0.91636,   -0.380494,     0.12453;
    -0.387835,   -0.920847,    0.040312]
[  -0.0882803,   0.0301159,   0.0018219]]","[-1.58824962 -0.35000001  0.09999996  0.40721787  0.21629558  0.06237242
 -0.03903923]","[[   0.0993345,  -0.0852374,   -0.991397;
      0.91636,   -0.380494,     0.12453;
    -0.387835,   -0.920847,    0.040312]
[  -0.0882803,   0.0301159,   0.0018219]]","[[   0.0991609,  -0.0902191,   -0.990973;
     0.916048,   -0.380657,    0.126319;
    -0.388618,   -0.920305,   0.0448987]
[    -0.08822,    0.030304,  0.00231316]]"
"(10, 27, 16)",500,1.87,"[ -5.42133065e-01  -2.15495378e-01  -4.10880462e-03  -2.16601727e-04
   6.58892571e-03   1.43866239e-02   3.77585334e-03]","[-0.54416954 -0.21256148 -0.00668568  0.00215307  0.00739773  0.01419263
  0.00279386]","[[   0.0993044,  -0.0854574,   -0.991381;
     0.916273,   -0.380683,    0.124596;
     -0.38805,   -0.920748,   0.0404988]
[   -0.088297,    0.030115,  0.00183495]]","[-1.58824962 -0.35000001  0.09999996  0.40721787  0.21629558  0.06237242
 -0.03903923]","[[   0.0993044,  -0.0854574,   -0.991381;
     0.916273,   -0.380683,    0.124596;
     -0.38805,   -0.920748,   0.0404988]
[   -0.088297,    0.030115,  0.00183495]]","[[   0.0991609,  -0.0902191,   -0.990973;
     0.916048,   -0.380657,    0.126319;
    -0.388618,   -0.920305,   0.0448987]
[    -0.08822,    0.030304,  0.00231316]]"
"(10, 27, 16)",500,1.774,"[ -5.28916511e-01  -2.15495378e-01  -2.09813057e-02  -9.14391010e-05
   7.21734109e-03   1.37439255e-02   3.53484143e-03]","[-0.53561287 -0.2140786  -0.01401291  0.00216092  0.00739773  0.01457401
  0.00352911]","[[   0.0993043,  -0.0855446,   -0.991373;
     0.916349,   -0.380491,    0.124621;
     -0.38787,   -0.920819,   0.0406043]
[  -0.0882982,   0.0301153,  0.00184141]]","[-1.58824962 -0.35000001  0.09999996  0.40721787  0.21629558  0.06237242
 -0.03903923]","[[   0.0993043,  -0.0855446,   -0.991373;
     0.916349,   -0.380491,    0.124621;
     -0.38787,   -0.920819,   0.0406043]
[  -0.0882982,   0.0301153,  0.00184141]]","[[   0.0991609,  -0.0902191,   -0.990973;
     0.916048,   -0.380657,    0.126319;
    -0.388618,   -0.920305,   0.0448987]
[    -0.08822,    0.030304,  0.00231316]]"
"(10, 27, 16)",5,0.0,"[-0.39627895 -0.21927154  0.21242163  0.00172342  0.00622642  0.01382426
  0.00341434]","[-0.4008162  -0.21604     0.23487477  0.00222849  0.00739773  0.01457401
  0.00358302]","[[   0.0987749,  -0.0867618,    -0.99132;
     0.916351,   -0.380493,    0.124606;
    -0.388001,   -0.920705,   0.0419211]
[  -0.0882571,   0.0300998,  0.00195818]]","[-1.58824962 -0.35000001  0.09999996  0.40721787  0.21629558  0.06237242
 -0.03903923]","[[   0.0987749,  -0.0867618,    -0.99132;
     0.916351,   -0.380493,    0.124606;
    -0.388001,   -0.920705,   0.0419211]
[  -0.0882571,   0.0300998,  0.00195818]]","[[   0.0991609,  -0.0902191,   -0.990973;
     0.916048,   -0.380657,    0.126319;
    -0.388618,   -0.920305,   0.0448987]
[    -0.08822,    0.030304,  0.00231316]]"
"(10, 27, 16)",5,0.0,"[-0.39297481 -0.21879952  0.22648204 -0.00084241  0.00637964  0.01519
  0.00337417]","[-0.40306203 -0.21526773  0.25549979  0.00085542  0.00739773  0.01457401
  0.00358302]","[[   0.0987518,  -0.0868295,   -0.991317;
     0.916274,   -0.380674,    0.124619;
    -0.388189,   -0.920624,   0.0419674]
[  -0.0882532,   0.0300993,   0.0019585]]","[-1.58824962 -0.35000001  0.09999996  0.40721787  0.21629558  0.06237242
 -0.03903923]","[[   0.0987518,  -0.0868295,   -0.991317;
     0.916274,   -0.380674,    0.124619;
    -0.388189,   -0.920624,   0.0419674]
[  -0.0882532,   0.0300993,   0.0019585]]","[[   0.0991609,  -0.0902191,   -0.990973;
     0.916048,   -0.380657,    0.126319;
    -0.388618,   -0.920305,   0.0448987]
[    -0.08822,    0.030304,  0.00231316]]"
"(10, 27, 16)",5,0.0,"[-0.38919866 -0.20983114  0.26022704 -0.00052951  0.0078552   0.01535067
  0.00337417]","[-0.39632375 -0.21104032  0.2829858   0.00078753  0.00739773  0.01457401
  0.00358302]","[[   0.0987632,  -0.0869011,   -0.991309;
      0.91627,   -0.380671,    0.124658;
    -0.388195,   -0.920618,   0.0420286]
[  -0.0882494,   0.0301018,  0.00196391]]","[-1.58824962 -0.35000001  0.09999996  0.40721787  0.21629558  0.06237242
 -0.03903923]","[[   0.0987632,  -0.0869011,   -0.991309;
      0.91627,   -0.380671,    0.124658;
    -0.388195,   -0.920618,   0.0420286]
[  -0.0882494,   0.0301018,  0.00196391]]","[[   0.0991609,  -0.0902191,   -0.990973;
     0.916048,   -0.380657,    0.126319;
    -0.388618,   -0.920305,   0.0448987]
[    -0.08822,    0.030304,  0.00231316]]"
"(10, 27, 16)",5,0.0,"[-0.38872664 -0.21643942  0.2855358   0.00090986  0.00684651  0.01446696
  0.00373568]","[ -3.92793095e-01  -2.15986351e-01   2.90887524e-01   6.11253299e-05
   7.39773093e-03   1.45740094e-02   3.58301716e-03]","[[   0.0987128,   -0.086922,   -0.991312;
     0.916274,   -0.380674,    0.124619;
    -0.388199,   -0.920615,   0.0420669]
[  -0.0882493,    0.030098,  0.00196731]]","[-1.58824962 -0.35000001  0.09999996  0.40721787  0.21629558  0.06237242
 -0.03903923]","[[   0.0987128,   -0.086922,   -0.991312;
     0.916274,   -0.380674,    0.124619;
    -0.388199,   -0.920615,   0.0420669]
[  -0.0882493,    0.030098,  0.00196731]]","[[   0.0991609,  -0.0902191,   -0.990973;
     0.916048,   -0.380657,    0.126319;
    -0.388618,   -0.920305,   0.0448987]
[    -0.08822,    0.030304,  0.00231316]]"
"(10, 27, 16)",5,0.0,"[-0.3854225  -0.2183275   0.30522038  0.00203633  0.00770642  0.01422595
  0.00321349]","[ -3.92919121e-01  -2.16039998e-01   2.99981767e-01   8.30522773e-05
   7.39773093e-03   1.45740094e-02   3.58301716e-03]","[[   0.0987117,  -0.0869048,   -0.991314;
     0.916274,   -0.380674,    0.124612;
    -0.388197,   -0.920616,   0.0420516]
[  -0.0882496,   0.0300973,  0.00196595]]","[-1.58824962 -0.35000001  0.09999996  0.40721787  0.21629558  0.06237242
 -0.03903923]","[[   0.0987117,  -0.0869048,   -0.991314;
     0.916274,   -0.380674,    0.124612;
    -0.388197,   -0.920616,   0.0420516]
[  -0.0882496,   0.0300973,  0.00196595]]","[[   0.0991609,  -0.0902191,   -0.990973;
     0.916048,   -0.380657,    0.126319;
    -0.388618,   -0.920305,   0.0448987]
[    -0.08822,    0.030304,  0.00231316]]"
